   3.7700588e-01   9.5180775e-01   3.1825614e-02
   1.8151682e+00   7.6822581e-01   6.3618984e-02
   5.7535697e-01   7.6849085e-01   9.5347900e-02
   2.5274674e-01   7.9838441e-01   1.2698022e-01
   1.1721840e+00   7.2790235e-01   1.5848389e-01
   1.2490528e+00   7.2161475e-01   1.8982699e-01
   1.0350431e+00   6.2656266e-01   2.2097778e-01
   1.6862481e+00   5.4159309e-01   2.5190469e-01
   1.3501173e+00   4.8414514e-01   2.8257638e-01
  -5.6920206e-01   5.0866165e-01   3.1296180e-01
   6.9280426e-01   5.1962734e-01   3.4303014e-01
  -4.0840566e-01   6.2017860e-01   3.7275095e-01
   7.5893182e-01   7.9609810e-01   4.0209411e-01
   2.2676690e+00   7.8307380e-01   4.3102991e-01
   5.9479788e-01   7.4761275e-01   4.5952901e-01
   1.2637739e+00   8.4432324e-01   4.8756255e-01
   1.1684380e+00   1.0181482e+00   5.1510214e-01
   7.4350710e-01   1.3674182e+00   5.4211986e-01
   1.9252468e+00   1.3203408e+00   5.6858834e-01
   4.5609868e-01   1.4380208e+00   5.9448077e-01
   1.1486509e+00   1.6774216e+00   6.1977092e-01
   4.7719213e-01   1.7161136e+00   6.4443316e-01
   2.1490456e+00   2.0007286e+00   6.6844250e-01
   2.6932239e+00   2.1218237e+00   6.9177464e-01
   2.1131730e+00   2.1359087e+00   7.1440591e-01
   2.7638598e+00   2.3426642e+00   7.3631341e-01
   2.2646532e+00   2.5752460e+00   7.5747492e-01
   3.1404196e+00   2.7477662e+00   7.7786902e-01
   2.8635982e+00   3.0638009e+00   7.9747503e-01
   4.4605097e+00   3.0784191e+00   8.1627311e-01
   3.5246558e+00   3.0541821e+00   8.3424420e-01
   4.7219293e+00   3.0358235e+00   8.5137009e-01
   4.4009712e+00   3.0535399e+00   8.6763343e-01
   3.2221097e+00   3.0980782e+00   8.8301776e-01
   3.6124305e+00   3.3273305e+00   8.9750747e-01
   3.1643648e+00   3.3967796e+00   9.1108790e-01
   3.9687746e+00   3.5072060e+00   9.2374528e-01
   1.0073809e+00   3.5706190e+00   9.3546679e-01
   4.3167632e+00   3.6752422e+00   9.4624055e-01
   2.0482656e+00   3.7052212e+00   9.5605566e-01
   2.2641336e+00   3.8118600e+00   9.6490215e-01
   6.6820889e+00   4.0037726e+00   9.7277108e-01
   3.5022899e+00   4.1313730e+00   9.7965447e-01
   3.4490263e+00   4.2371633e+00   9.8554535e-01
   4.0980345e+00   4.3061105e+00   9.9043774e-01
   4.6638884e+00   4.4887456e+00   9.9432670e-01
   5.1771837e+00   4.5145238e+00   9.9720828e-01
   5.7673987e+00   4.6086767e+00   9.9907956e-01
   4.6364433e+00   4.5911539e+00   9.9993864e-01
   4.4093776e+00   4.4161565e+00   9.9978466e-01
   4.8247467e+00   4.4409324e+00   9.9861778e-01
   3.6963811e+00   4.4785947e+00   9.9643916e-01
   5.3100274e+00   4.4921454e+00   9.9325103e-01
   4.5780213e+00   4.4801161e+00   9.8905661e-01
   5.5211675e+00   4.5698746e+00   9.8386015e-01
   4.4217198e+00   4.7334160e+00   9.7766692e-01
   4.4020549e+00   4.9232257e+00   9.7048318e-01
   4.5969196e+00   4.8377255e+00   9.6231623e-01
   4.0306551e+00   4.5754432e+00   9.5317432e-01
   2.4662912e+00   4.4780564e+00   9.4306673e-01
   4.0375167e+00   4.6715042e+00   9.3200370e-01
   4.8442819e+00   4.6796228e+00   9.1999642e-01
   4.2369009e+00   4.8468689e+00   9.0705708e-01
   5.6054107e+00   4.7867027e+00   8.9319877e-01
   5.7857477e+00   4.7285996e+00   8.7843554e-01
   2.9157428e+00   4.6447314e+00   8.6278234e-01
   6.0760853e+00   4.5332733e+00   8.4625503e-01
   2.8139032e+00   4.6083711e+00   8.2887036e-01
   2.5817571e+00   4.5443050e+00   8.1064594e-01
   5.4291266e+00   4.3799469e+00   7.9160024e-01
   4.8913787e+00   4.2949447e+00   7.7175254e-01
   4.5231856e+00   4.1239007e+00   7.5112296e-01
   4.7822889e+00   3.9085501e+00   7.2973240e-01
   4.7871974e+00   3.9186222e+00   7.0760252e-01
   3.0509381e+00   3.8193320e+00   6.8475576e-01
   5.7172116e+00   3.8434865e+00   6.6121525e-01
   3.8590969e+00   3.8531416e+00   6.3700485e-01
   3.1540092e+00   3.8118543e+00   6.1214908e-01
   2.8392801e+00   3.7287985e+00   5.8667313e-01
   5.6987532e+00   3.6018197e+00   5.6060280e-01
   4.0712760e+00   3.6304911e+00   5.3396451e-01
   5.9344694e+00   3.4218405e+00   5.0678525e-01
   3.8257991e+00   3.3183404e+00   4.7909255e-01
   2.4592731e+00   3.2888387e+00   4.5091447e-01
   2.6350587e+00   3.2826638e+00   4.2227955e-01
   4.5750391e+00   3.2484972e+00   3.9321682e-01
   3.8207342e+00   3.0874707e+00   3.6375570e-01
   1.7004736e+00   2.7041521e+00   3.3392605e-01
   6.3848624e-01   2.3967462e+00   3.0375810e-01
   3.7514498e+00   2.3937352e+00   2.7328240e-01
   8.6138118e-01   2.2234022e+00   2.4252983e-01
   2.1152845e+00   2.0528636e+00   2.1153155e-01
   4.3275866e+00   1.9348407e+00   1.8031896e-01
   1.4647758e+00   1.7881997e+00   1.4892368e-01
   5.5562120e-01   1.7575859e+00   1.1737752e-01
   1.2588303e+00   1.5149346e+00   8.5712448e-02
  -2.5677208e-01   1.4799631e+00   5.3960537e-02
   1.1323931e+00   1.4082183e+00   2.2153956e-02
   1.9246780e+00   1.2007135e+00  -9.6750687e-03
   3.2677886e+00   1.0141130e+00  -4.1494292e-02
   3.8175669e-01   8.6026899e-01  -7.3271476e-02
  -5.4273554e-02   8.8269821e-01  -1.0497443e-01
  -1.8691161e+00   7.2492451e-01  -1.3657103e-01
   4.6306602e-02   5.3134318e-01  -1.6802926e-01
   2.3136530e-03   4.4047318e-01  -1.9931726e-01
   1.0513085e+00   2.0314753e-01  -2.3040333e-01
   2.5468188e-01  -1.2434309e-01  -2.6125596e-01
   1.0076168e+00  -2.9849588e-01  -2.9184392e-01
  -1.4220516e+00  -4.6993892e-01  -3.2213620e-01
   8.8482881e-01  -6.4780732e-01  -3.5210211e-01
   7.0485277e-01  -7.4191632e-01  -3.8171130e-01
  -9.0798727e-01  -1.0138270e+00  -4.1093377e-01
  -1.0166807e+00  -1.1843414e+00  -4.3973991e-01
  -1.1796327e+00  -1.2413122e+00  -4.6810054e-01
  -4.5835488e-01  -1.3193251e+00  -4.9598692e-01
  -8.8189822e-01  -1.5205825e+00  -5.2337081e-01
  -1.5855748e+00  -1.6403306e+00  -5.5022445e-01
  -1.6448718e+00  -1.6847047e+00  -5.7652065e-01
  -4.0275778e-01  -1.7959100e+00  -6.0223276e-01
  -1.9430100e+00  -1.8711019e+00  -6.2733473e-01
  -1.3325416e+00  -2.0518187e+00  -6.5180114e-01
  -9.9064575e-01  -2.2240337e+00  -6.7560718e-01
  -3.0709195e+00  -2.2535835e+00  -6.9872875e-01
  -2.9716480e+00  -2.5251321e+00  -7.2114243e-01
  -1.4978195e+00  -2.6299432e+00  -7.4282549e-01
  -1.5907817e+00  -2.7815099e+00  -7.6375597e-01
  -4.4720689e-01  -2.9934269e+00  -7.8391268e-01
  -8.1561510e-01  -3.0057503e+00  -8.0327518e-01
  -9.0913940e-01  -3.0245252e+00  -8.2182386e-01
  -2.4289432e+00  -3.1512927e+00  -8.3953993e-01
  -4.2188887e+00  -3.3280283e+00  -8.5640545e-01
  -3.3544635e+00  -3.4542813e+00  -8.7240331e-01
  -3.5993644e+00  -3.3466513e+00  -8.8751732e-01
  -3.4445401e+00  -3.5782419e+00  -9.0173216e-01
  -3.3609197e+00  -3.5725192e+00  -9.1503344e-01
  -2.0657226e+00  -3.4842714e+00  -9.2740767e-01
  -3.1735260e+00  -3.6655068e+00  -9.3884232e-01
  -3.0995317e+00  -3.8887954e+00  -9.4932580e-01
  -2.3678689e+00  -4.1256059e+00  -9.5884750e-01
  -3.7721415e+00  -3.9647195e+00  -9.6739776e-01
  -3.9342995e+00  -4.1028622e+00  -9.7496793e-01
  -4.6220888e+00  -4.2529710e+00  -9.8155033e-01
  -3.3083797e+00  -4.4909965e+00  -9.8713829e-01
  -4.0958742e+00  -4.4385315e+00  -9.9172616e-01
  -5.9461995e+00  -4.4947041e+00  -9.9530929e-01
  -3.0359691e+00  -4.5120907e+00  -9.9788404e-01
  -3.5352602e+00  -4.4553817e+00  -9.9944781e-01
  -4.5714507e+00  -4.4660293e+00  -9.9999902e-01
  -4.5756852e+00  -4.6737906e+00  -9.9953709e-01
  -4.0504279e+00  -4.5920262e+00  -9.9806251e-01
  -2.7910048e+00  -4.5005072e+00  -9.9557677e-01
  -3.8812343e+00  -4.4915358e+00  -9.9208238e-01
  -5.0927822e+00  -4.4591821e+00  -9.8758289e-01
  -3.2173174e+00  -4.5055122e+00  -9.8208285e-01
  -3.7807372e+00  -4.5474590e+00  -9.7558784e-01
  -5.8079575e+00  -4.6193889e+00  -9.6810443e-01
  -4.5022058e+00  -4.7392182e+00  -9.5964022e-01
  -2.2210859e+00  -4.8874086e+00  -9.5020376e-01
  -3.4458945e+00  -4.8366563e+00  -9.3980463e-01
  -3.7081981e+00  -4.7985318e+00  -9.2845336e-01
  -4.1338805e+00  -4.7333935e+00  -9.1616145e-01
  -4.2131738e+00  -4.5807067e+00  -9.0294135e-01
  -5.3742110e+00  -4.6059300e+00  -8.8880645e-01
  -6.0498115e+00  -4.5475108e+00  -8.7377108e-01
  -4.7506748e+00  -4.4829026e+00  -8.5785048e-01
  -4.4576659e+00  -4.4767013e+00  -8.4106076e-01
  -4.7736968e+00  -4.4817805e+00  -8.2341894e-01
  -5.0327264e+00  -4.5193046e+00  -8.0494289e-01
  -3.6464745e+00  -4.4238835e+00  -7.8565134e-01
  -3.2702389e+00  -4.2437565e+00  -7.6556382e-01
  -3.3130314e+00  -4.2110519e+00  -7.4470069e-01
  -4.8084387e+00  -4.1744719e+00  -7.2308308e-01
  -5.2531235e+00  -4.0690556e+00  -7.0073290e-01
  -4.6405551e+00  -4.0197343e+00  -6.7767279e-01
  -4.5899492e+00  -3.7714960e+00  -6.5392610e-01
  -2.6065886e+00  -3.7386155e+00  -6.2951691e-01
  -5.5873896e+00  -3.8196383e+00  -6.0446994e-01
  -2.9693079e+00  -3.6805009e+00  -5.7881057e-01
  -3.9128189e+00  -3.4081120e+00  -5.5256478e-01
  -5.2633337e+00  -3.2559828e+00  -5.2575918e-01
  -2.9583412e+00  -3.0192468e+00  -4.9842092e-01
  -3.3001079e+00  -2.8623917e+00  -4.7057769e-01
  -2.5967059e+00  -2.7881207e+00  -4.4225771e-01
  -1.8869292e+00  -2.7749798e+00  -4.1348967e-01
  -6.7050676e-01  -2.7880899e+00  -3.8430271e-01
  -4.3650476e+00  -2.5823741e+00  -3.5472640e-01
  -2.2173507e+00  -2.5022714e+00  -3.2479071e-01
  -2.2529684e+00  -2.3954252e+00  -2.9452597e-01
  -2.0870321e+00  -2.3303921e+00  -2.6396283e-01
  -2.0729774e+00  -2.1776014e+00  -2.3313227e-01
  -1.6783622e+00  -2.0709466e+00  -2.0206551e-01
  -2.4555883e+00  -1.9240473e+00  -1.7079404e-01
  -1.3945082e+00  -1.8639904e+00  -1.3934953e-01
  -1.4556883e+00  -1.6207787e+00  -1.0776384e-01
  -7.5053549e-01  -1.4899379e+00  -7.6068973e-02
  -2.4691836e+00  -1.5947377e+00  -4.4297038e-02
  -3.6301218e+00  -1.5674737e+00  -1.2480225e-02
  -3.0282303e+00  -1.3869383e+00   1.9349232e-02
  -1.2477443e+00  -1.2622304e+00   5.1159086e-02
  -7.2553784e-01  -1.1684864e+00   8.2917109e-02
  -8.7448509e-01  -1.0230248e+00   1.1459113e-01
  -5.2392208e-01  -8.0282999e-01   1.4614905e-01
  -1.2966726e+00  -5.3898255e-01   1.7755890e-01
   2.9124843e-01  -2.1379334e-01   2.0878887e-01
  -1.2647607e+00   5.5793847e-02   2.3980731e-01
   1.3554332e+00   2.1664833e-01   2.7058279e-01
   8.5046302e-01   1.8579172e-01   3.0108413e-01
   3.4777406e-01   5.1887903e-01   3.3128044e-01
   4.0031594e-01   7.2146995e-01   3.6114112e-01
   4.8634088e-01   9.7698370e-01   3.9063592e-01
   5.4486338e-01   1.0462789e+00   4.1973496e-01
   3.1379863e+00   1.0017610e+00   4.4840875e-01
   7.8829603e-01   1.0637481e+00   4.7662825e-01
   6.4555020e-01   1.2467621e+00   5.0436486e-01
  -3.6845721e-01   1.3678492e+00   5.3159049e-01
   1.8218214e+00   1.3524241e+00   5.5827754e-01
   2.3281192e+00   1.4723701e+00   5.8439900e-01
   2.6107680e+00   1.7007440e+00   6.0992838e-01
   1.4419144e+00   1.8523358e+00   6.3483983e-01
   1.3720691e+00   1.9655710e+00   6.5910810e-01
   1.3043344e+00   2.0992972e+00   6.8270862e-01
   1.8939343e+00   2.3138871e+00   7.0561747e-01
   2.2872196e+00   2.7070399e+00   7.2781143e-01
   1.9106470e+00   2.7991636e+00   7.4926803e-01
   2.7385805e+00   2.9195109e+00   7.6996553e-01
   2.9321998e+00   3.1166055e+00   7.8988296e-01
   3.9552752e+00   3.2370497e+00   8.0900013e-01
   1.6704598e+00   3.3829634e+00   8.2729769e-01
   1.0228767e+00   3.5163259e+00   8.4475709e-01
   4.0943566e+00   3.5116397e+00   8.6136064e-01
   2.0172374e+00   3.6703349e+00   8.7709152e-01
   5.1333262e+00   3.5441447e+00   8.9193381e-01
   4.5597775e+00   3.7175243e+00   9.0587244e-01
   3.9184642e+00   3.7015019e+00   9.1889332e-01
   5.1915616e+00   3.8130128e+00   9.3098324e-01
   4.0927628e+00   4.0343855e+00   9.4212996e-01
   3.2444190e+00   3.9765541e+00   9.5232218e-01
   3.4406098e+00   4.0152474e+00   9.6154958e-01
   4.3148080e+00   4.1590383e+00   9.6980281e-01
   3.5207768e+00   4.2262295e+00   9.7707350e-01
   5.4982782e+00   4.3391588e+00   9.8335430e-01
   5.4038601e+00   4.3357145e+00   9.8863883e-01
   4.5755820e+00   4.3125957e+00   9.9292175e-01
   1.6791803e+00   4.5527161e+00   9.9619871e-01
   5.3991586e+00   4.5806981e+00   9.9846640e-01
   3.0900350e+00   4.6163798e+00   9.9972251e-01
   4.1510878e+00   4.6834125e+00   9.9996578e-01
   6.2396465e+00   4.6573380e+00   9.9919596e-01
   3.6895639e+00   4.5748564e+00   9.9741383e-01
   5.1615579e+00   4.5970904e+00   9.9462119e-01
   4.6627691e+00   4.4567986e+00   9.9082087e-01
   3.9346785e+00   4.5264949e+00   9.8601673e-01
   5.2136156e+00   4.7307949e+00   9.8021362e-01
   5.3535132e+00   4.7179020e+00   9.7341744e-01
   3.5436942e+00   4.6864363e+00   9.6563506e-01
   5.1070854e+00   4.7300109e+00   9.5687438e-01
   5.8219504e+00   4.6755802e+00   9.4714425e-01
   6.9511454e+00   4.5841154e+00   9.3645455e-01
   5.1780644e+00   4.5791573e+00   9.2481611e-01
   5.1045139e+00   4.5059957e+00   9.1224071e-01
   6.7344075e+00   4.5660921e+00   8.9874109e-01
   5.0630174e+00   4.4713177e+00   8.8433093e-01
   4.6812891e+00   4.4959208e+00   8.6902484e-01
   3.8308736e+00   4.3887702e+00   8.5283831e-01
   4.1024923e+00   4.3970581e+00   8.3578776e-01
   4.8850445e+00   4.3784519e+00   8.1789044e-01
   5.2444598e+00   4.2929139e+00   7.9916450e-01
   4.8872135e+00   4.2690146e+00   7.7962890e-01
   5.4167505e+00   4.1903659e+00   7.5930344e-01
   3.4014464e+00   4.0873934e+00   7.3820871e-01
   4.5948810e+00   4.2306304e+00   7.1636608e-01
   3.0600637e+00   4.2474452e+00   6.9379768e-01
   4.3518126e+00   4.1703264e+00   6.7052637e-01
   3.6500138e+00   4.0290674e+00   6.4657574e-01
   3.7944847e+00   3.9642226e+00   6.2197005e-01
   1.6004318e+00   3.9405366e+00   5.9673422e-01
   5.7133255e+00   3.8466045e+00   5.7089382e-01
   4.0636005e+00   3.6404340e+00   5.4447504e-01
   3.3382647e+00   3.6206730e+00   5.1750464e-01
   4.6505384e+00   3.4209906e+00   4.9000993e-01
   3.1835099e+00   3.1810657e+00   4.6201879e-01
   3.9387619e+00   3.0382619e+00   4.3355956e-01
   2.6419560e+00   2.9308205e+00   4.0466108e-01
   3.5005718e+00   2.8458453e+00   3.7535263e-01
   1.8299407e+00   2.8889106e+00   3.4566390e-01
   4.3950878e+00   2.7292739e+00   3.1562497e-01
   3.6286029e+00   2.6437157e+00   2.8526627e-01
   2.8965463e+00   2.4864394e+00   2.5461856e-01
   1.1534424e+00   2.3408791e+00   2.2371288e-01
   7.7666138e-01   2.0869976e+00   1.9258056e-01
   2.2289826e+00   1.8859160e+00   1.6125313e-01
   1.4794722e+00   1.7567823e+00   1.2976233e-01
   1.3719469e+00   1.5218874e+00   9.8140070e-02
  -4.4512819e-01   1.1648876e+00   6.6418377e-02
   9.5014701e-01   1.1090742e+00   3.4629393e-02
   2.9442575e+00   1.0575600e+00   2.8053260e-03
   1.0538225e+00   8.6078486e-01  -2.9021583e-02
   1.2133591e+00   9.3159452e-01  -6.0819090e-02
   3.5881700e-01   7.4056988e-01  -9.2554980e-02
   3.7072156e-01   5.9209686e-01  -1.2419710e-01
  -5.5462311e-01   5.3324719e-01  -1.5571339e-01
   1.4070401e+00   4.5802777e-01  -1.8707193e-01
   2.0541508e+00   3.2984967e-01  -2.1824093e-01
   7.8110569e-01   7.4069147e-02  -2.4918884e-01
  -1.7352868e-01   6.7858612e-02  -2.7988428e-01
  -8.8212896e-01   4.5608553e-02  -3.1029616e-01
  -1.7946344e-01  -1.0267079e-01  -3.4039368e-01
   5.8723175e-01  -2.0843585e-01  -3.7014633e-01
   8.9640927e-01  -2.7602955e-01  -3.9952398e-01
  -1.4132995e+00  -6.7203053e-01  -4.2849686e-01
  -1.2088377e+00  -9.3824902e-01  -4.5703562e-01
  -1.1026550e+00  -1.0610219e+00  -4.8511134e-01
   1.2114669e+00  -1.1873552e+00  -5.1269558e-01
  -2.0317646e+00  -1.3649065e+00  -5.3976040e-01
  -4.4407989e-01  -1.5477258e+00  -5.6627838e-01
   1.2058224e+00  -1.6851356e+00  -5.9222264e-01
  -1.9909774e+00  -1.7834913e+00  -6.1756690e-01
  -2.8828482e+00  -1.9440773e+00  -6.4228550e-01
  -2.0452410e+00  -2.2064711e+00  -6.6635337e-01
  -1.8106813e+00  -2.5304350e+00  -6.8974615e-01
  -5.2672057e+00  -2.7794071e+00  -7.1244013e-01
  -3.5752574e+00  -2.8930277e+00  -7.3441231e-01
  -3.3650091e+00  -3.0733353e+00  -7.5564044e-01
  -3.3921071e+00  -3.1841734e+00  -7.7610301e-01
  -3.3050643e+00  -3.2609572e+00  -7.9577930e-01
  -3.7892494e+00  -3.3581827e+00  -8.1464935e-01
  -2.3507432e+00  -3.4710405e+00  -8.3269407e-01
  -3.0290332e+00  -3.5859924e+00  -8.4989516e-01
  -3.1628553e+00  -3.6036091e+00  -8.6623520e-01
  -3.8881728e+00  -3.6035835e+00  -8.8169763e-01
  -4.7651186e+00  -3.7104661e+00  -8.9626680e-01
  -3.7719384e+00  -3.7090669e+00  -9.0992793e-01
  -3.2444071e+00  -3.8087776e+00  -9.2266719e-01
  -4.0814989e+00  -3.8632589e+00  -9.3447167e-01
  -3.5453428e+00  -3.6706705e+00  -9.4532941e-01
  -2.5309961e+00  -3.8524878e+00  -9.5522942e-01
  -5.2261264e+00  -4.1709586e+00  -9.6416165e-01
  -3.4455456e+00  -4.3286246e+00  -9.7211707e-01
  -4.7089779e+00  -4.3245520e+00  -9.7908761e-01
  -6.4182812e+00  -4.3723946e+00  -9.8506622e-01
  -3.9628078e+00  -4.2793708e+00  -9.9004682e-01
  -4.2974645e+00  -4.3802068e+00  -9.9402439e-01
  -2.9247640e+00  -4.4245740e+00  -9.9699488e-01
  -2.9684696e+00  -4.4618067e+00  -9.9895529e-01
  -3.5101681e+00  -4.5774920e+00  -9.9990363e-01
  -2.3055453e+00  -4.7144274e+00  -9.9983894e-01
  -3.7300271e+00  -4.9207733e+00  -9.9876129e-01
  -3.7953464e+00  -4.8231803e+00  -9.9667177e-01
  -5.1216335e+00  -4.9114180e+00  -9.9357250e-01
  -6.0708136e+00  -4.9229468e+00  -9.8946661e-01
  -4.8978034e+00  -4.9518908e+00  -9.8435826e-01
  -3.2895942e+00  -4.9652662e+00  -9.7825264e-01
  -4.7717439e+00  -5.0227524e+00  -9.7115592e-01
  -3.7357953e+00  -4.9817306e+00  -9.6307530e-01
  -5.3824615e+00  -5.1872014e+00  -9.5401896e-01
  -6.6276450e+00  -5.0307671e+00  -9.4399608e-01
  -3.2424820e+00  -5.0405353e+00  -9.3301682e-01
  -4.9616530e+00  -4.8196811e+00  -9.2109229e-01
  -4.2257131e+00  -4.7886987e+00  -9.0823457e-01
  -5.1464798e+00  -4.7637341e+00  -8.9445670e-01
  -5.4103969e+00  -4.7149224e+00  -8.7977264e-01
  -4.8281860e+00  -4.7823013e+00  -8.6419725e-01
  -3.7881875e+00  -4.8879451e+00  -8.4774632e-01
  -4.7851836e+00  -4.7032548e+00  -8.3043651e-01
  -4.1309251e+00  -4.6445691e+00  -8.1228537e-01
  -3.4136935e+00  -4.4575528e+00  -7.9331129e-01
  -4.6810481e+00  -4.3229090e+00  -7.7353347e-01
  -3.3326534e+00  -4.2355065e+00  -7.5297197e-01
  -6.4400943e+00  -4.1517311e+00  -7.3164762e-01
  -3.8617186e+00  -4.1383990e+00  -7.0958201e-01
  -2.2651838e+00  -4.0927240e+00  -6.8679751e-01
  -4.4490962e+00  -4.0137857e+00  -6.6331719e-01
  -2.5121648e+00  -3.9884990e+00  -6.3916486e-01
  -2.2930385e+00  -4.0430364e+00  -6.1436496e-01
  -3.2641075e+00  -4.0212285e+00  -5.8894264e-01
  -2.9572348e+00  -3.7843455e+00  -5.6292364e-01
  -3.8498837e+00  -3.6063486e+00  -5.3633433e-01
  -3.2363358e+00  -3.3767681e+00  -5.0920165e-01
  -3.7125145e+00  -3.1395812e+00  -4.8155308e-01
  -2.1166445e+00  -2.9400971e+00  -4.5341663e-01
  -2.6929280e+00  -2.9933576e+00  -4.2482082e-01
  -2.0339729e+00  -2.8686198e+00  -3.9579461e-01
  -2.1995263e+00  -2.7721217e+00  -3.6636741e-01
  -1.6357518e+00  -2.7141857e+00  -3.3656904e-01
  -6.4068596e-01  -2.4891561e+00  -3.0642968e-01
  -4.6486242e+00  -2.3451931e+00  -2.7597986e-01
  -2.7836423e+00  -2.1116696e+00  -2.4525045e-01
  -5.0883528e-01  -2.0700470e+00  -2.1427256e-01
  -1.8849788e-01  -1.7833817e+00  -1.8307759e-01
  -1.4253622e+00  -1.7542368e+00  -1.5169713e-01
  -1.6934973e+00  -1.7614048e+00  -1.2016299e-01
  -3.6318153e+00  -1.5498404e+00  -8.8507113e-02
  -1.3240213e+00  -1.3552489e+00  -5.6761563e-02
  -2.8391305e-01  -1.2196113e+00  -2.4958507e-02
  -1.4411198e+00  -1.1488797e+00   6.8698359e-03
  -2.8469325e+00  -9.5129914e-01   3.8691218e-02
  -6.6654120e-01  -8.1059760e-01   7.0473402e-02
   1.3337971e+00  -6.7315775e-01   1.0218419e-01
  -1.6640568e+00  -6.0146649e-01   1.3379145e-01
  -1.0032793e+00  -4.8382667e-01   1.6526316e-01
  -2.2671660e-01  -3.4163043e-01   1.9656744e-01
  -2.1531810e+00  -1.2572188e-01   2.2767257e-01
  -3.0435170e-01   1.0965845e-01   2.5854704e-01
  -1.5125998e+00   1.4533733e-01   2.8915957e-01
  -5.1515699e-01   2.1091661e-01   3.1947915e-01
   1.6092411e-01   2.9670552e-01   3.4947505e-01
   7.0274062e-01   2.9834441e-01   3.7911689e-01
  -6.8451890e-01   5.9626602e-01   4.0837463e-01
  -2.1113417e-01   9.4838913e-01   4.3721865e-01
   1.0402604e+00   8.8289315e-01   4.6561970e-01
  -5.1953672e-01   1.0214812e+00   4.9354902e-01
  -3.8365629e-01   9.4035211e-01   5.2097832e-01
   1.1679111e+00   1.1266691e+00   5.4787979e-01
   1.1853962e+00   1.4111438e+00   5.7422620e-01
   9.1611434e-01   1.5817435e+00   5.9999084e-01
   1.3971666e+00   1.8072414e+00   6.2514762e-01
   2.0689367e+00   2.0290939e+00   6.4967104e-01
   1.2547948e+00   2.1713645e+00   6.7353627e-01
   3.6099861e+00   2.3950601e+00   6.9671911e-01
   1.6607131e+00   2.3609972e+00   7.1919609e-01
   2.0362064e+00   2.4294175e+00   7.4094444e-01
   2.4599571e+00   2.7652530e+00   7.6194212e-01
   3.2632518e+00   2.8982146e+00   7.8216785e-01
   4.7139219e+00   3.0226414e+00   8.0160114e-01
   3.3116470e+00   3.0792792e+00   8.2022232e-01
   3.5564313e+00   3.0674701e+00   8.3801250e-01
   3.5585631e+00   3.1302419e+00   8.5495368e-01
   1.8110726e+00   3.2814925e+00   8.7102867e-01
   4.2210290e+00   3.5651574e+00   8.8622121e-01
   2.5373580e+00   3.7990661e+00   9.0051589e-01
   3.5577205e+00   3.7996690e+00   9.1389823e-01
   2.4552712e+00   3.8749301e+00   9.2635468e-01
   3.4691023e+00   3.9115163e+00   9.3787262e-01
   3.7530831e+00   4.1295993e+00   9.4844037e-01
   2.4557244e+00   4.1285616e+00   9.5804723e-01
   2.5472464e+00   4.0671135e+00   9.6668347e-01
   4.7572028e+00   4.0876298e+00   9.7434034e-01
   5.9303043e+00   4.0390896e+00   9.8101007e-01
   3.0939962e+00   4.0914637e+00   9.8668592e-01
   3.9804524e+00   4.1786417e+00   9.9136214e-01
   5.5366623e+00   4.0968626e+00   9.9503397e-01
   3.5490490e+00   4.2718017e+00   9.9769772e-01
   4.8458271e+00   4.3559532e+00   9.9935067e-01
   3.6014489e+00   4.5206622e+00   9.9999115e-01
   6.0393251e+00   4.5656376e+00   9.9961851e-01
   4.7868997e+00   4.5728595e+00   9.9823313e-01
   4.4333372e+00   4.5956595e+00   9.9583642e-01
   5.2692833e+00   4.5050904e+00   9.9243080e-01
   6.0005198e+00   4.5829363e+00   9.8801972e-01
   3.6952353e+00   4.4808308e+00   9.8260765e-01
   5.8250149e+00   4.4785363e+00   9.7620008e-01
   3.1327436e+00   4.5619916e+00   9.6880349e-01
   3.2865479e+00   4.7451620e+00   9.6042538e-01
   5.1008435e+00   4.6989909e+00   9.5107424e-01
   5.1072363e+00   4.5505025e+00   9.4075955e-01
   6.8142231e+00   4.6155650e+00   9.2949174e-01
   4.4287095e+00   4.5593994e+00   9.1728224e-01
   4.8079208e+00   4.6506224e+00   9.0414342e-01
   4.7685366e+00   4.7157313e+00   8.9008859e-01
   6.0004042e+00   4.8184062e+00   8.7513198e-01
   4.7875110e+00   4.7713271e+00   8.5928876e-01
   5.3370440e+00   4.7022151e+00   8.4257496e-01
   5.5305795e+00   4.7155976e+00   8.2500754e-01
   4.5541293e+00   4.7735613e+00   8.0660427e-01
   4.9529740e+00   4.9617812e+00   7.8738382e-01
   3.2599352e+00   4.8022098e+00   7.6736564e-01
   2.3642440e+00   4.7008200e+00   7.4657003e-01
   3.4499424e+00   4.6123422e+00   7.2501805e-01
   4.8697467e+00   4.4924636e+00   7.0273153e-01
   5.4766930e+00   4.4929498e+00   6.7973305e-01
   5.9920018e+00   4.4621688e+00   6.5604592e-01
   4.6438943e+00   4.3793365e+00   6.3169414e-01
   3.7495135e+00   4.2954439e+00   6.0670236e-01
   5.3354867e+00   4.1232210e+00   5.8109593e-01
   3.2516448e+00   3.9892040e+00   5.5490076e-01
   3.5088575e+00   3.8674788e+00   5.2814342e-01
   4.1028715e+00   3.7705632e+00   5.0085099e-01
   2.4728693e+00   3.5909328e+00   4.7305115e-01
   4.0461373e+00   3.3181867e+00   4.4477204e-01
   4.2404458e+00   3.1786215e+00   4.1604232e-01
   3.0036518e+00   2.8839731e+00   3.8689109e-01
   1.6648727e+00   2.6402420e+00   3.5734790e-01
   1.9467632e+00   2.4195696e+00   3.2744267e-01
   1.9349227e+00   2.4150934e+00   2.9720570e-01
   3.2944127e+00   2.2621363e+00   2.6666762e-01
   2.5670641e+00   2.1361005e+00   2.3585938e-01
   3.2131102e+00   1.9200564e+00   2.0481218e-01
   9.0214711e-01   1.9002826e+00   1.7355747e-01
   2.5871736e+00   1.7117515e+00   1.4212694e-01
   1.3771877e+00   1.7000160e+00   1.1055241e-01
   1.0501128e+00   1.5939075e+00   7.8865871e-02
   1.6644336e+00   1.5550157e+00   4.7099436e-02
   1.4585146e+00   1.4718102e+00   1.5285284e-02
   2.3122629e+00   1.2665148e+00  -1.6544355e-02
   1.2499077e+00   1.1737010e+00  -4.8357232e-02
   1.8689733e+00   1.1042103e+00  -8.0121117e-02
   1.5232882e+00   1.0685850e+00  -1.1180383e-01
   1.4008189e+00   8.0780619e-01  -1.4337327e-01
   5.8419402e-01   6.7734690e-01  -1.7479746e-01
   1.5430858e+00   4.5638761e-01  -2.0604455e-01
  -6.1002240e-01   3.5434842e-01  -2.3708289e-01
   4.3839958e-01   2.8890831e-01  -2.6788104e-01
  -9.3528857e-01   1.8062959e-01  -2.9840780e-01
   1.2408547e+00  -9.9201658e-02  -3.2863222e-01
   1.1824604e+00  -2.4345902e-01  -3.5852370e-01
  -1.1356598e+00  -3.4396006e-01  -3.8805196e-01
   1.1223876e+00  -4.7940239e-01  -4.1718706e-01
   4.3587720e-01  -6.8623106e-01  -4.4589951e-01
  -3.3996245e-01  -8.2058780e-01  -4.7416020e-01
  -2.8241652e+00  -7.9472135e-01  -5.0194050e-01
  -1.7192700e+00  -1.0826948e+00  -5.2921228e-01
  -1.7915072e+00  -1.2537824e+00  -5.5594790e-01
  -8.2202116e-01  -1.4665970e+00  -5.8212027e-01
  -2.5541442e+00  -1.7511951e+00  -6.0770288e-01
  -2.0498349e+00  -1.9095911e+00  -6.3266981e-01
  -1.4949201e+00  -1.8501272e+00  -6.5699577e-01
  -1.7049711e+00  -1.9564050e+00  -6.8065611e-01
  -3.0092538e+00  -2.3679949e+00  -7.0362686e-01
  -3.5184857e+00  -2.6355743e+00  -7.2588474e-01
  -2.5261236e+00  -2.6731581e+00  -7.4740721e-01
  -3.9485199e+00  -2.7563350e+00  -7.6817246e-01
  -2.4267041e+00  -2.8225349e+00  -7.8815946e-01
  -1.6846067e+00  -2.9319743e+00  -8.0734795e-01
  -3.1876595e+00  -3.1246386e+00  -8.2571850e-01
  -2.4466482e+00  -3.3388613e+00  -8.4325249e-01
  -3.7754961e+00  -3.3126829e+00  -8.5993216e-01
  -2.9676450e+00  -3.3990292e+00  -8.7574061e-01
  -2.0004891e+00  -3.6339234e+00  -8.9066182e-01
  -2.8915487e+00  -3.9098237e+00  -9.0468068e-01
  -2.5237040e+00  -3.9464332e+00  -9.1778299e-01
  -4.1346190e+00  -4.0730966e+00  -9.2995546e-01
  -4.2333067e+00  -4.1413889e+00  -9.4118577e-01
  -5.5793584e+00  -4.2403844e+00  -9.5146254e-01
  -4.4877769e+00  -4.3098383e+00  -9.6077537e-01
  -4.4116774e+00  -4.3145453e+00  -9.6911480e-01
  -5.1102240e+00  -4.5041593e+00  -9.7647240e-01
  -4.0412604e+00  -4.5535454e+00  -9.8284070e-01
  -3.8381223e+00  -4.7402170e+00  -9.8821327e-01
  -4.8801903e+00  -4.8595055e+00  -9.9258465e-01
  -7.0301710e+00  -5.0206837e+00  -9.9595042e-01
  -4.0319745e+00  -5.0041022e+00  -9.9830716e-01
  -7.1445245e+00  -4.8778296e+00  -9.9965250e-01
  -4.0551763e+00  -4.8986638e+00  -9.9998505e-01
  -3.8582069e+00  -5.0052089e+00  -9.9930450e-01
  -5.7166599e+00  -5.1711986e+00  -9.9761153e-01
  -5.7293240e+00  -5.2505002e+00  -9.9490785e-01
  -5.5126442e+00  -5.2198273e+00  -9.9119620e-01
  -4.3272765e+00  -5.2977144e+00  -9.8648034e-01
  -4.3619668e+00  -5.2806165e+00  -9.8076506e-01
  -5.8474356e+00  -5.2736519e+00  -9.7405614e-01
  -6.2637185e+00  -5.2071268e+00  -9.6636037e-01
  -5.4798471e+00  -5.1970040e+00  -9.5768556e-01
  -5.1217173e+00  -5.1559840e+00  -9.4804050e-01
  -3.6014060e+00  -5.1869935e+00  -9.3743495e-01
  -4.8146698e+00  -5.1136013e+00  -9.2587965e-01
  -2.8067070e+00  -5.2618616e+00  -9.1338633e-01
  -5.4430032e+00  -5.1382754e+00  -8.9996763e-01
  -6.0824754e+00  -5.2196290e+00  -8.8563715e-01
  -5.8224040e+00  -5.1783709e+00  -8.7040941e-01
  -4.6075942e+00  -5.1825689e+00  -8.5429983e-01
  -5.9505836e+00  -5.3338597e+00  -8.3732474e-01
  -6.8320938e+00  -5.2166763e+00  -8.1950133e-01
  -5.3037102e+00  -4.9814051e+00  -8.0084767e-01
  -5.8433389e+00  -4.8342384e+00  -7.8138264e-01
  -3.9087970e+00  -4.8938970e+00  -7.6112598e-01
  -6.1256881e+00  -4.6775547e+00  -7.4009820e-01
  -4.9536407e+00  -4.4575494e+00  -7.1832060e-01
  -2.8619604e+00  -4.2052525e+00  -6.9581526e-01
  -4.6032459e+00  -4.0778336e+00  -6.7260497e-01
  -3.1123279e+00  -3.9301397e+00  -6.4871324e-01
  -2.5019853e+00  -3.8561682e+00  -6.2416429e-01
  -3.4199248e+00  -3.9368289e+00  -5.9898297e-01
  -3.9885251e+00  -3.8884933e+00  -5.7319482e-01
  -2.6773646e+00  -3.7107927e+00  -5.4682594e-01
  -3.2504666e+00  -3.6736614e+00  -5.1990306e-01
  -3.6299269e+00  -3.5868484e+00  -4.9245345e-01
  -2.8349042e+00  -3.6092020e+00  -4.6450493e-01
  -2.8798877e+00  -3.5165485e+00  -4.3608580e-01
  -3.8945991e+00  -3.4325723e+00  -4.0722487e-01
  -1.7686047e+00  -3.2895111e+00  -3.7795136e-01
  -4.0660359e+00  -3.2126049e+00  -3.4829494e-01
  -5.2441141e+00  -2.9929464e+00  -3.1828565e-01
  -4.3369321e+00  -2.7949130e+00  -2.8795390e-01
  -1.6463049e+00  -2.6381458e+00  -2.5733042e-01
  -2.1192337e+00  -2.5325021e+00  -2.2644623e-01
  -4.1415439e+00  -2.4206818e+00  -1.9533262e-01
  -3.3454441e+00  -2.3964792e+00  -1.6402111e-01
  -4.4022416e+00  -2.3963130e+00  -1.3254343e-01
  -1.2318818e+00  -2.1648033e+00  -1.0093147e-01
  -1.6025701e+00  -2.0573223e+00  -6.9217247e-02
  -7.0080076e-01  -2.0359931e+00  -3.7432901e-02
  -1.6347538e+00  -1.7446636e+00  -5.6106300e-03
  -8.8939826e-01  -1.5054957e+00   2.6217325e-02
  -2.8810919e+00  -1.4411560e+00   5.8018718e-02
  -1.9797160e+00  -1.2943112e+00   8.9761331e-02
  -1.4145853e+00  -1.0705772e+00   1.2141300e-01
  -1.6122892e+00  -9.9473929e-01   1.5294167e-01
   5.8715742e-01  -7.6322957e-01   1.8431539e-01
  -7.5870157e-01  -5.4169149e-01   2.1550237e-01
  -2.7894393e+00  -3.4535097e-01   2.4647102e-01
  -3.4007576e-01  -2.2581737e-01   2.7718997e-01
   1.7900833e+00  -5.1893793e-02   3.0762809e-01
   5.3783255e-01  -1.5219878e-02   3.3775454e-01
  -1.9157998e+00   1.8709565e-01   3.6753880e-01
   8.8205273e-01   4.4580612e-01   3.9695070e-01
   7.9387580e-01   4.9581440e-01   4.2596044e-01
   8.7202442e-02   8.3245028e-01   4.5453862e-01
   1.8341406e+00   1.0742442e+00   4.8265631e-01
   7.4697286e-01   1.0680843e+00   5.1028500e-01
   2.8822534e+00   1.3278067e+00   5.3739670e-01
   1.1754215e+00   1.3214368e+00   5.6396396e-01
   6.6208818e-01   1.5102672e+00   5.8995985e-01
   1.6603398e+00   1.7945533e+00   6.1535803e-01
   1.1231936e+00   2.0774067e+00   6.4013278e-01
   1.8235426e+00   2.2924978e+00   6.6425900e-01
   2.4932208e+00   2.3529271e+00   6.8771224e-01
   2.6239580e+00   2.4616696e+00   7.1046873e-01
   2.2531608e+00   2.5137549e+00   7.3250544e-01
   1.0987017e+00   2.7936231e+00   7.5380002e-01
   3.0944823e+00   3.0013442e+00   7.7433091e-01
   4.9899903e+00   3.3168216e+00   7.9407730e-01
   5.0981896e+00   3.3033911e+00   8.1301919e-01
   2.6007311e+00   3.3436047e+00   8.3113739e-01
   2.7108889e+00   3.3071361e+00   8.4841354e-01
   3.3426628e+00   3.3483808e+00   8.6483015e-01
   3.5062234e+00   3.4644356e+00   8.8037057e-01
   3.8792343e+00   3.5011292e+00   8.9501906e-01
   5.3175308e+00   3.4886167e+00   9.0876079e-01
   3.0456183e+00   3.6159533e+00   9.2158183e-01
   3.4563528e+00   3.7431391e+00   9.3346919e-01
   5.2917002e+00   3.8161149e+00   9.4441083e-01
   4.1008387e+00   4.1480531e+00   9.5439566e-01
   4.7739044e+00   4.2638641e+00   9.6341356e-01
   4.8513842e+00   4.0449920e+00   9.7145541e-01
   4.5126859e+00   4.2292877e+00   9.7851305e-01
   4.3685676e+00   4.3568932e+00   9.8457933e-01
   3.9284605e+00   4.4707665e+00   9.8964811e-01
   3.8026038e+00   4.4541734e+00   9.9371425e-01
   5.5676949e+00   4.3823178e+00   9.9677363e-01
   4.7024391e+00   4.4216921e+00   9.9882316e-01
   5.4532837e+00   4.4184462e+00   9.9986075e-01
   3.6921043e+00   4.4224512e+00   9.9988536e-01
   3.9035187e+00   4.5679187e+00   9.9889695e-01
   7.1034689e+00   4.4926794e+00   9.9689654e-01
   5.3887736e+00   4.4569762e+00   9.9388614e-01
   5.2100621e+00   4.4090360e+00   9.8986882e-01
   3.5517627e+00   4.4914482e+00   9.8484863e-01
   6.4943321e+00   4.2321701e+00   9.7883066e-01
   3.3858788e+00   4.3382631e+00   9.7182102e-01
   4.1526473e+00   4.2632696e+00   9.6382679e-01
   2.2359494e+00   4.1657689e+00   9.5485609e-01
   3.9498074e+00   4.1728055e+00   9.4491800e-01
   3.8574413e+00   4.1614275e+00   9.3402259e-01
   2.1331500e+00   4.0766180e+00   9.2218090e-01
   3.4263910e+00   4.1637148e+00   9.0940492e-01
   6.2287334e+00   4.3227654e+00   8.9570760e-01
   4.1728651e+00   4.3223963e+00   8.8110281e-01
   5.0978393e+00   4.3970787e+00   8.6560536e-01
   2.5225453e+00   4.3304549e+00   8.4923093e-01
   2.4453115e+00   4.3921797e+00   8.3199613e-01
   4.2981137e+00   4.5525576e+00   8.1391841e-01
   4.4712432e+00   4.5895630e+00   7.9501609e-01
   4.8064179e+00   4.4600298e+00   7.7530832e-01
   3.1966483e+00   4.4190771e+00   7.5481506e-01
   3.9573417e+00   4.4004049e+00   7.3355708e-01
   5.0522134e+00   4.2504679e+00   7.1155592e-01
   1.0239180e+00   4.1665705e+00   6.8883386e-01
   5.7938036e+00   3.9323744e+00   6.6541392e-01
   3.9203254e+00   3.9776120e+00   6.4131983e-01
   2.9859317e+00   4.0270803e+00   6.1657601e-01
   3.1574220e+00   3.8173245e+00   5.9120751e-01
   3.5855288e+00   3.8036316e+00   5.6524005e-01
   2.7669181e+00   3.6174680e+00   5.3869993e-01
   2.3236691e+00   3.3134878e+00   5.1161404e-01
   2.6934245e+00   3.2323610e+00   4.8400982e-01
   3.9454527e+00   3.0389895e+00   4.5591523e-01
   2.2666114e+00   3.0919252e+00   4.2735875e-01
   2.9566746e+00   3.0101549e+00   3.9836930e-01
   4.1232776e+00   2.9233740e+00   3.6897625e-01
   3.9512458e+00   2.8890628e+00   3.3920937e-01
   4.0996420e+00   2.8026104e+00   3.0909884e-01
   4.9219280e+00   2.6159006e+00   2.7867515e-01
   3.4773821e+00   2.3089701e+00   2.4796913e-01
   1.5662098e+00   2.3632083e+00   2.1701189e-01
   3.8777190e+00   2.0409525e+00   1.8583478e-01
   8.0062490e-01   1.9065679e+00   1.5446940e-01
   3.2388688e+00   1.7351419e+00   1.2294752e-01
   1.8633481e+00   1.5789038e+00   9.1301082e-02
   2.2441277e+00   1.4527158e+00   5.9562143e-02
   2.1617187e+00   1.3419618e+00   2.7762861e-02
   1.6171829e+00   1.4574613e+00  -4.0645490e-03
   3.6834166e+00   1.3410902e+00  -3.5887841e-02
   3.5649759e-01   1.2012316e+00  -6.7674774e-02
   2.0260600e+00   8.4084485e-01  -9.9393143e-02
  -2.0364978e-01   6.0053705e-01  -1.3101082e-01
   8.7530578e-01   3.4747526e-01  -1.6249576e-01
   2.1677356e-01   2.3851724e-01  -1.9381607e-01
  -8.0178171e-01   1.6429250e-01  -2.2494002e-01
  -1.5634572e-02   1.7774267e-02  -2.5583608e-01
  -1.8444343e+00  -1.4039689e-01  -2.8647295e-01
   3.3521584e+00  -2.3998546e-01  -3.1681958e-01
  -3.3142107e-01  -5.4770681e-01  -3.4684523e-01
   1.0059755e-01  -8.9392008e-01  -3.7651949e-01
   7.1296975e-01  -1.0157350e+00  -4.0581228e-01
  -2.0465987e+00  -1.0449896e+00  -4.3469394e-01
  -1.3666605e+00  -1.1929882e+00  -4.6313520e-01
   6.4322809e-01  -1.4003179e+00  -4.9110724e-01
  -1.7927271e+00  -1.6187311e+00  -5.1858172e-01
  -9.0728516e-01  -1.6413733e+00  -5.4553082e-01
  -2.4137508e-01  -1.7738044e+00  -5.7192723e-01
  -2.4846014e+00  -1.8067619e+00  -5.9774420e-01
  -1.7480366e+00  -2.0035031e+00  -6.2295558e-01
  -2.6288611e+00  -2.0320832e+00  -6.4753583e-01
  -1.6265590e+00  -2.2300217e+00  -6.7146005e-01
  -2.1511972e+00  -2.3932135e+00  -6.9470399e-01
  -2.9988967e+00  -2.5863553e+00  -7.1724410e-01
  -3.5258440e+00  -2.7137710e+00  -7.3905756e-01
  -1.4300002e+00  -2.6901424e+00  -7.6012226e-01
  -3.5399898e+00  -2.8162302e+00  -7.8041686e-01
  -2.9800312e+00  -2.8758428e+00  -7.9992080e-01
  -3.0906113e+00  -3.0670221e+00  -8.1861432e-01
  -3.7111341e+00  -3.0882244e+00  -8.3647848e-01
  -1.9426642e+00  -3.1389853e+00  -8.5349518e-01
  -4.6209393e+00  -3.3040246e+00  -8.6964718e-01
  -1.8811767e+00  -3.3818099e+00  -8.8491812e-01
  -5.5191604e+00  -3.3990911e+00  -8.9929252e-01
  -4.7433591e+00  -3.4109084e+00  -9.1275583e-01
  -4.3684327e+00  -3.4873139e+00  -9.2529440e-01
  -3.5771143e+00  -3.7485876e+00  -9.3689553e-01
  -6.2905929e+00  -3.9599225e+00  -9.4754747e-01
  -4.9731039e+00  -4.2339068e+00  -9.5723943e-01
  -2.6996761e+00  -4.2329291e+00  -9.6596157e-01
  -3.9053434e+00  -4.1239182e+00  -9.7370508e-01
  -5.2181637e+00  -4.3574791e+00  -9.8046210e-01
  -4.7173585e+00  -4.3045165e+00  -9.8622579e-01
  -5.7490445e+00  -4.2573943e+00  -9.9099031e-01
  -3.3284623e+00  -4.3925790e+00  -9.9475083e-01
  -3.4960466e+00  -4.4758939e+00  -9.9750354e-01
  -3.8365410e+00  -4.5761393e+00  -9.9924565e-01
  -5.6023586e+00  -4.6426025e+00  -9.9997541e-01
  -4.7160091e+00  -4.5496564e+00  -9.9969206e-01
  -6.6733245e+00  -4.8473225e+00  -9.9839589e-01
  -4.4701549e+00  -4.7571194e+00  -9.9608823e-01
  -6.7080670e+00  -4.8130491e+00  -9.9277140e-01
  -5.7678968e+00  -4.8672955e+00  -9.8844877e-01
  -5.2542229e+00  -4.9129007e+00  -9.8312472e-01
  -5.4560521e+00  -4.9746494e+00  -9.7680463e-01
  -5.9211183e+00  -5.0275443e+00  -9.6949492e-01
  -6.0253513e+00  -4.9929153e+00  -9.6120299e-01
  -5.5327567e+00  -5.1116080e+00  -9.5193724e-01
  -4.2329632e+00  -5.3308552e+00  -9.4170706e-01
  -6.8133586e+00  -5.2204906e+00  -9.3052281e-01
  -4.1431810e+00  -5.3427027e+00  -9.1839582e-01
  -6.9761896e+00  -5.1983201e+00  -9.0533838e-01
  -4.2768987e+00  -5.3322468e+00  -8.9136372e-01
  -6.0180831e+00  -5.1337612e+00  -8.7648599e-01
  -4.0648665e+00  -4.9960252e+00  -8.6072027e-01
  -8.0620244e+00  -4.8926218e+00  -8.4408254e-01
  -4.9348969e+00  -4.8029161e+00  -8.2658964e-01
  -7.0118758e+00  -4.7301897e+00  -8.0825930e-01
  -4.2765928e+00  -4.7171243e+00  -7.8911010e-01
  -4.3780466e+00  -4.5611240e+00  -7.6916143e-01
  -6.2616118e+00  -4.3157359e+00  -7.4843349e-01
  -3.1908425e+00  -4.2742982e+00  -7.2694730e-01
  -4.1368083e+00  -4.5361404e+00  -7.0472463e-01
  -4.5559837e+00  -4.3832236e+00  -6.8178797e-01
  -5.1885266e+00  -4.1848408e+00  -6.5816058e-01
  -1.9225600e+00  -4.1772095e+00  -6.3386639e-01
  -5.4041333e+00  -4.1740914e+00  -6.0893001e-01
  -4.2426963e+00  -3.9579666e+00  -5.8337671e-01
  -3.0931056e+00  -3.8341272e+00  -5.5723238e-01
  -3.1352323e+00  -3.6652089e+00  -5.3052350e-01
  -3.7332058e+00  -3.5089698e+00  -5.0327713e-01
  -4.0709808e+00  -3.5454044e+00  -4.7552087e-01
  -2.6795585e+00  -3.4835177e+00  -4.4728286e-01
  -4.9334512e+00  -3.3217259e+00  -4.1859169e-01
  -2.7758424e+00  -2.9993302e+00  -3.8947643e-01
  -3.5324008e+00  -2.7427919e+00  -3.5996659e-01
  -1.8661760e+00  -2.7084195e+00  -3.3009206e-01
  -2.6519990e+00  -2.6208558e+00  -2.9988309e-01
  -4.0512494e+00  -2.5395663e+00  -2.6937031e-01
  -1.6154603e+00  -2.3165601e+00  -2.3858463e-01
  -2.8781742e+00  -2.2278821e+00  -2.0755723e-01
  -2.3359683e+00  -2.0245574e+00  -1.7631954e-01
  -4.0135632e+00  -1.9562306e+00  -1.4490322e-01
  -3.2329518e+00  -1.9558945e+00  -1.1334010e-01
  -4.6840694e+00  -1.7889602e+00  -8.1662149e-02
  -1.8554760e+00  -1.7719239e+00  -4.9901464e-02
  -1.2426708e+00  -1.4532410e+00  -1.8090222e-02
  -1.3407530e+00  -1.2610386e+00   1.3739348e-02
  -7.7047401e-01  -1.1220853e+00   4.5554997e-02
  -2.3313602e+00  -1.0983754e+00   7.7324494e-02
  -5.2258576e-01  -1.0124601e+00   1.0901565e-01
  -4.5435495e-01  -8.6596180e-01   1.4059636e-01
  -1.3387342e+00  -7.0218635e-01   1.7203463e-01
  -7.4696423e-01  -5.1958491e-01   2.0329861e-01
  -5.7680538e-01  -4.4734475e-01   2.3435662e-01
  -1.8193914e+00  -3.2727987e-01   2.6517719e-01
  -1.9255256e+00  -2.7982542e-02   2.9572911e-01
  -2.6082366e-01   1.6524699e-01   3.2598142e-01
   6.5963459e-01   3.8836574e-01   3.5590346e-01
   1.9382278e-01   5.6372621e-01   3.8546494e-01
  -7.7114577e-02   7.3970862e-01   4.1463588e-01
  -1.1886923e-01   1.0930189e+00   4.4338675e-01
   8.9331647e-01   1.3123873e+00   4.7168841e-01
   2.1531042e+00   1.4377030e+00   4.9951219e-01
   2.1665454e+00   1.4939659e+00   5.2682991e-01
  -7.9804913e-02   1.5971356e+00   5.5361387e-01
   6.1923122e-01   1.7652753e+00   5.7983696e-01
   2.2728917e+00   1.9147888e+00   6.0547260e-01
  -9.4520240e-01   2.1487389e+00   6.3049482e-01
   2.0128064e+00   2.3115619e+00   6.5487827e-01
   1.3821067e+00   2.5884192e+00   6.7859824e-01
   1.3402589e+00   2.7882715e+00   7.0163071e-01
   1.6056391e+00   2.8187418e+00   7.2395233e-01
   3.5457178e+00   2.8887237e+00   7.4554051e-01
   3.0203929e+00   2.7981636e+00   7.6637335e-01
   4.1061160e+00   2.9885820e+00   7.8642976e-01
   2.5023096e+00   3.2548729e+00   8.0568942e-01
   2.7419919e+00   3.4335260e+00   8.2413282e-01
   2.9943069e+00   3.5303246e+00   8.4174126e-01
   3.5265242e+00   3.5868699e+00   8.5849691e-01
   4.2617652e+00   3.6460768e+00   8.7438280e-01
   3.4588644e+00   3.7597119e+00   8.8938283e-01
   3.5686241e+00   3.7330625e+00   9.0348180e-01
   2.0027171e+00   3.6778315e+00   9.1666543e-01
   2.5245293e+00   3.6980770e+00   9.2892036e-01
   3.6028640e+00   3.7190793e+00   9.4023418e-01
   5.0725161e+00   3.6502476e+00   9.5059542e-01
   3.4288118e+00   3.7051671e+00   9.5999359e-01
   4.1762038e+00   3.9077642e+00   9.6841916e-01
   3.9393063e+00   3.8839293e+00   9.7586361e-01
   3.4264400e+00   4.1043705e+00   9.8231938e-01
   4.7715031e+00   4.1423721e+00   9.8777993e-01
   1.8136222e+00   4.1797024e+00   9.9223974e-01
   6.5986072e+00   4.3309069e+00   9.9569429e-01
   4.5638983e+00   4.4062622e+00   9.9814007e-01
   6.4792187e+00   4.5323055e+00   9.9957461e-01
   3.4574109e+00   4.6632501e+00   9.9999646e-01
   3.7781196e+00   4.6070136e+00   9.9940518e-01
   5.4598248e+00   4.5430852e+00   9.9780138e-01
   4.9747352e+00   4.4540552e+00   9.9518668e-01
   4.1686619e+00   4.6199427e+00   9.9156373e-01
   4.9436925e+00   4.7000614e+00   9.8693620e-01
   5.1365890e+00   4.7181530e+00   9.8130878e-01
   5.9307326e+00   4.7325397e+00   9.7468717e-01
   6.4196908e+00   4.9237861e+00   9.6707808e-01
   5.8284101e+00   4.9078737e+00   9.5848921e-01
   3.8177437e+00   4.7513220e+00   9.4892928e-01
   6.5613537e+00   4.7354747e+00   9.3840796e-01
   5.2702741e+00   4.8059097e+00   9.2693592e-01
   7.2250616e+00   4.5993668e+00   9.1452477e-01
   4.8971120e+00   4.5935772e+00   9.0118709e-01
   5.2953296e+00   4.6541475e+00   8.8693640e-01
   3.7654999e+00   4.5889057e+00   8.7178712e-01
   4.6962174e+00   4.6714577e+00   8.5575462e-01
   6.0052443e+00   4.5920592e+00   8.3885513e-01
   5.7009816e+00   4.4534357e+00   8.2110578e-01
   2.7814252e+00   4.3202881e+00   8.0252454e-01
   5.6369007e+00   4.2677831e+00   7.8313024e-01
   6.6456853e+00   4.3893180e+00   7.6294253e-01
   3.1146103e+00   4.3472964e+00   7.4198186e-01
   6.0466378e+00   4.0795976e+00   7.2026948e-01
   2.9980622e+00   3.8859755e+00   6.9782736e-01
   3.2367549e+00   3.8121638e+00   6.7467827e-01
   3.0785663e+00   3.6752430e+00   6.5084563e-01
   4.0198308e+00   3.6979278e+00   6.2635361e-01
   5.7798559e+00   3.6150967e+00   6.0122702e-01
   4.4130598e+00   3.4586137e+00   5.7549130e-01
   3.3515240e+00   3.3800338e+00   5.4917254e-01
   3.7995698e+00   3.2375524e+00   5.2229740e-01
   2.2055620e+00   3.1373180e+00   4.9489310e-01
   1.6255300e+00   2.9586868e+00   4.6698742e-01
   2.2594038e+00   2.7261066e+00   4.3860861e-01
   2.4534705e+00   2.6952505e+00   4.0978545e-01
   3.9336496e+00   2.5303901e+00   3.8054711e-01
   2.6074864e+00   2.3055855e+00   3.5092324e-01
   2.5674939e+00   2.3129298e+00   3.2094384e-01
   2.2532707e+00   2.3370929e+00   2.9063928e-01
   2.3902141e+00   2.3129669e+00   2.6004026e-01
   3.7356918e+00   2.1368894e+00   2.2917779e-01
   2.1601029e+00   2.0170750e+00   1.9808314e-01
   1.4998906e+00   2.0493253e+00   1.6678780e-01
   1.7529640e+00   1.8039308e+00   1.3532349e-01
   2.2577583e+00   1.6059384e+00   1.0372207e-01
   7.0873055e-01   1.5284057e+00   7.2015572e-02
   2.0056472e+00   1.3076842e+00   4.0236113e-02
   2.1544385e-01   1.1812905e+00   8.4158898e-03
   1.0288209e+00   1.0580082e+00  -2.3412860e-02
   1.3788316e+00   8.2615446e-01  -5.5217889e-02
   6.3128376e-01   5.8576675e-01  -8.6966976e-02
  -1.5787879e-01   6.1009028e-01  -1.1862795e-01
   2.2551177e+00   4.0154167e-01  -1.5016875e-01
  -9.5288331e-01   2.6430713e-01  -1.8155740e-01
  -3.3253398e-01   2.5099124e-01  -2.1276211e-01
   6.7668169e-01   9.6269671e-02  -2.4375127e-01
  -3.7564007e-01  -4.6324869e-02  -2.7449348e-01
  -5.1269060e-01  -4.6095249e-02  -3.0495759e-01
  -6.5756351e-01  -3.9836481e-01  -3.3511274e-01
   1.0747598e+00  -4.8087013e-01  -3.6492838e-01
  -1.0595391e+00  -5.9975239e-01  -3.9437430e-01
  -9.3112477e-01  -7.1125946e-01  -4.2342067e-01
  -2.3240323e+00  -8.6886984e-01  -4.5203806e-01
  -5.8192997e-01  -1.0018437e+00  -4.8019748e-01
  -1.6704847e+00  -1.0096540e+00  -5.0787039e-01
  -1.4818236e+00  -1.1608139e+00  -5.3502877e-01
  -2.3529917e+00  -1.1485521e+00  -5.6164510e-01
  -1.1369432e+00  -1.5108420e+00  -5.8769242e-01
  -2.0796723e+00  -1.6862632e+00  -6.1314432e-01
  -1.4993919e+00  -1.8762394e+00  -6.3797503e-01
  -2.2176971e+00  -2.0191981e+00  -6.6215940e-01
  -1.1010775e+00  -2.1523652e+00  -6.8567291e-01
  -1.4190092e+00  -2.3343963e+00  -7.0849175e-01
  -3.1250182e+00  -2.3539577e+00  -7.3059280e-01
  -2.2010021e+00  -2.3938541e+00  -7.5195366e-01
   4.5265245e-01  -2.6642907e+00  -7.7255270e-01
  -2.2589916e+00  -2.7196271e+00  -7.9236905e-01
  -2.1779836e+00  -2.9818181e+00  -8.1138263e-01
  -3.8341903e+00  -3.1686266e+00  -8.2957417e-01
  -4.2764001e+00  -3.3389787e+00  -8.4692525e-01
  -3.3053700e+00  -3.4853958e+00  -8.6341829e-01
  -4.0879309e+00  -3.4664959e+00  -8.7903658e-01
  -3.3901304e+00  -3.5255981e+00  -8.9376429e-01
  -2.7733988e+00  -3.7980083e+00  -9.0758650e-01
  -4.6350816e+00  -3.9008234e+00  -9.2048922e-01
  -3.0247352e+00  -4.0232639e+00  -9.3245936e-01
  -2.7929601e+00  -3.9782955e+00  -9.4348481e-01
  -2.8954364e+00  -3.7888125e+00  -9.5355438e-01
  -4.2471247e+00  -3.9047803e+00  -9.6265789e-01
  -3.9101988e+00  -4.0726096e+00  -9.7078610e-01
  -4.5747087e+00  -4.0264405e+00  -9.7793078e-01
  -4.6647539e+00  -4.1035616e+00  -9.8408470e-01
  -5.5225014e+00  -4.3383056e+00  -9.8924161e-01
  -3.1454935e+00  -4.3723572e+00  -9.9339629e-01
  -3.9254725e+00  -4.2820807e+00  -9.9654454e-01
  -4.0277050e+00  -4.3532247e+00  -9.9868317e-01
  -3.9370717e+00  -4.4160130e+00  -9.9981000e-01
  -5.1989152e+00  -4.5809905e+00  -9.9992390e-01
  -4.9219275e+00  -4.6039225e+00  -9.9902475e-01
  -4.7748000e+00  -4.8301828e+00  -9.9711346e-01
  -4.8508038e+00  -4.9155016e+00  -9.9419197e-01
  -5.4461241e+00  -4.9891204e+00  -9.9026323e-01
  -5.3452007e+00  -4.8771951e+00  -9.8533124e-01
  -5.7568301e+00  -4.9610135e+00  -9.7940098e-01
  -5.3143608e+00  -4.9680725e+00  -9.7247846e-01
  -5.3358228e+00  -4.8849675e+00  -9.6457070e-01
  -3.1685227e+00  -4.7974613e+00  -9.5568571e-01
  -4.4607178e+00  -4.9030229e+00  -9.4583249e-01
  -7.5728716e+00  -4.7656570e+00  -9.3502102e-01
  -4.1839667e+00  -4.8842653e+00  -9.2326225e-01
  -4.2309676e+00  -4.7508095e+00  -9.1056811e-01
  -5.5510387e+00  -4.7653270e+00  -8.9695144e-01
  -5.8853900e+00  -4.9533095e+00  -8.8242605e-01
  -2.0952536e+00  -4.9146350e+00  -8.6700665e-01
  -5.2853555e+00  -4.8426834e+00  -8.5070886e-01
  -4.1888345e+00  -4.5691650e+00  -8.3354920e-01
  -5.5141192e+00  -4.4859587e+00  -8.1554505e-01
  -5.2369538e+00  -4.4369575e+00  -7.9671464e-01
  -3.2243985e+00  -4.4921090e+00  -7.7707707e-01
  -5.6224320e+00  -4.4230934e+00  -7.5665221e-01
  -3.1896990e+00  -4.4398522e+00  -7.3546078e-01
  -4.0016945e+00  -4.5364452e+00  -7.1352422e-01
  -4.6822130e+00  -4.5973471e+00  -6.9086478e-01
  -5.8401291e+00  -4.4963896e+00  -6.6750540e-01
  -4.4334846e+00  -4.5180924e+00  -6.4346976e-01
  -4.1047457e+00  -4.4290377e+00  -6.1878220e-01
  -4.6481795e+00  -4.3207900e+00  -5.9346774e-01
  -4.2820124e+00  -4.1099006e+00  -5.6755202e-01
  -4.8657287e+00  -4.0399289e+00  -5.4106129e-01
  -4.7330758e+00  -3.7736953e+00  -5.1402241e-01
  -3.2052168e+00  -3.8186665e+00  -4.8646275e-01
  -4.6810206e+00  -3.6517637e+00  -4.5841024e-01
  -1.5127843e+00  -3.6690756e+00  -4.2989331e-01
  -2.2874084e+00  -3.3698165e+00  -4.0094084e-01
  -3.2564863e+00  -3.3291151e+00  -3.7158217e-01
  -3.2190742e+00  -3.1806963e+00  -3.4184704e-01
  -3.3531284e+00  -2.9690958e+00  -3.1176557e-01
  -2.7097488e+00  -2.8497872e+00  -2.8136825e-01
  -2.7597152e+00  -2.7097462e+00  -2.5068587e-01
  -2.7613378e+00  -2.5715453e+00  -2.1974950e-01
  -3.4104585e+00  -2.1650966e+00  -1.8859051e-01
  -2.9742485e+00  -1.9459751e+00  -1.5724045e-01
  -4.1846432e+00  -1.7610154e+00  -1.2573108e-01
  -1.8224080e+00  -1.4488011e+00  -9.4094331e-02
  -1.4590291e+00  -1.4853532e+00  -6.2362254e-02
  -6.5692825e-01  -1.3784072e+00  -3.0566996e-02
  -1.7397608e+00  -1.2175239e+00   1.2592301e-03
  -2.3978788e+00  -1.0009430e+00   3.3084181e-02
  -1.2066076e+00  -9.1585937e-01   6.4875613e-02
  -1.1378224e+00  -7.0907260e-01   9.6601318e-02
  -8.2441069e-01  -5.6744216e-01   1.2822915e-01
   5.0974434e-02  -2.8756822e-01   1.5972708e-01
  -1.1705288e+00  -3.0081438e-01   1.9106318e-01
   1.5177758e+00  -2.7001271e-01   2.2220570e-01
  -1.3766352e+00  -1.6125959e-01   2.5312311e-01
  -9.7677607e-01   9.4933765e-02   2.8378407e-01
  -1.4601944e-01   2.4791323e-01   3.1415752e-01
  -5.2128557e-01   4.8569946e-01   3.4421269e-01
   1.0653811e+00   6.2298889e-01   3.7391913e-01
  -1.7506176e-01   8.8205036e-01   4.0324674e-01
